0 0.000000 0.535714 0.000000 0.995536 0.995536 0.995536 0.995536 0.821429 0.950893 0.821429 0.937500 0.803571 0.803571 0.718750 0.571429 0.616071 0.566964 0.589286 0.482143 0.589286 0.379464 0.558036 0.191964 0.535714
1 0.964286 0.928571 0.964286 0.950893 0.995536 0.973214 0.986607 0.941964
1 0.294643 0.892857 0.285714 0.901786 0.290179 0.995536 0.343750 0.995536 0.334821 0.910714 0.325893 0.897321
1 0.928571 0.888393 0.928571 0.906250 0.964286 0.910714 0.955357 0.879464
1 0.008929 0.866071 0.000000 0.897321 0.035714 0.928571 0.035714 0.959821 0.044643 0.964286 0.035714 0.977679 0.058036 0.977679 0.049107 0.955357 0.058036 0.919643 0.049107 0.901786 0.017857 0.892857 0.017857 0.866071
1 0.062500 0.839286 0.044643 0.848214 0.044643 0.879464 0.062500 0.875000
1 0.035714 0.790179 0.044643 0.816964 0.062500 0.812500 0.053571 0.790179
1 0.267857 0.776786 0.263393 0.794643 0.285714 0.875000 0.316964 0.875000 0.321429 0.861607 0.290179 0.776786
1 0.232143 0.705357 0.250000 0.754464 0.281250 0.763393 0.254464 0.709821
1 0.700893 0.674107 0.700893 0.683036 0.750000 0.714286 0.808036 0.736607 0.857143 0.776786 0.910714 0.803571 0.924107 0.825893 0.973214 0.848214 0.995536 0.879464 0.995536 0.803571 0.973214 0.808036 0.848214 0.736607
1 0.093750 0.589286 0.093750 0.598214 0.187500 0.656250 0.214286 0.691964 0.236607 0.696429 0.227679 0.674107 0.178571 0.629464 0.111607 0.589286
1 0.000000 0.540179 0.000000 0.580357 0.080357 0.593750 0.066964 0.575893 0.013393 0.558036 0.044643 0.540179 0.075893 0.540179 0.075893 0.531250
