0 0.000000 0.500000 0.000000 0.995536 0.995536 0.995536 0.995536 0.883929 0.941964 0.879464 0.687500 0.674107 0.691964 0.580357 0.723214 0.580357 0.754464 0.558036 0.843750 0.558036 0.933036 0.589286 0.995536 0.589286 0.995536 0.500000 0.495536 0.500000 0.491071 0.558036 0.397321 0.558036 0.263393 0.535714 0.062500 0.535714 0.058036 0.500000
1 0.218750 0.892857 0.187500 0.892857 0.178571 0.901786 0.151786 0.995536 0.205357 0.995536 0.227679 0.910714
1 0.031250 0.839286 0.000000 0.839286 0.000000 0.888393 0.013393 0.888393 0.013393 0.861607
1 0.017857 0.714286 0.000000 0.723214 0.004464 0.763393 0.022321 0.758929
1 0.638393 0.651786 0.642857 0.665179 0.718750 0.718750 0.866071 0.848214 0.910714 0.901786 0.937500 0.910714 0.955357 0.946429 0.995536 0.964286 0.995536 0.883929 0.986607 0.870536 0.964286 0.870536 0.955357 0.857143 0.933036 0.861607 0.687500 0.674107
1 0.160714 0.593750 0.165179 0.607143 0.214286 0.638393 0.236607 0.678571 0.232143 0.763393 0.191964 0.866071 0.200893 0.883929 0.236607 0.875000 0.254464 0.772321 0.267857 0.750000 0.263393 0.678571 0.209821 0.611607
1 0.000000 0.562500 0.000000 0.580357 0.066964 0.580357 0.120536 0.593750 0.111607 0.580357 0.062500 0.566964
1 0.000000 0.540179 0.013393 0.553571 0.035714 0.549107 0.035714 0.540179
1 0.968750 0.486607 0.968750 0.495536 0.991071 0.500000 0.977679 0.513393 0.946429 0.517857 0.919643 0.544643 0.901786 0.544643 0.906250 0.580357 0.995536 0.607143 0.995536 0.495536
1 0.035714 0.486607 0.000000 0.495536 0.000000 0.522321 0.040179 0.517857
1 0.794643 0.482143 0.799107 0.495536 0.825893 0.491071 0.825893 0.482143
