0 0.000000 0.531250 0.000000 0.995536 0.995536 0.995536 0.995536 0.803571 0.950893 0.803571 0.892857 0.758929 0.741071 0.683036 0.745536 0.589286 0.839286 0.589286 0.875000 0.602679 0.924107 0.602679 0.937500 0.616071 0.995536 0.616071 0.995536 0.513393 0.950893 0.513393 0.946429 0.500000 0.468750 0.500000 0.464286 0.549107 0.370536 0.549107 0.290179 0.531250 0.174107 0.522321
1 0.098214 0.968750 0.089286 0.968750 0.084821 0.986607 0.071429 0.973214 0.071429 0.995536 0.098214 0.995536
1 0.348214 0.830357 0.392857 0.995536 0.441964 0.995536 0.383929 0.843750 0.366071 0.825893
1 0.303571 0.723214 0.330357 0.790179 0.352679 0.803571 0.352679 0.781250 0.325893 0.732143
1 0.035714 0.723214 0.013393 0.727679 0.017857 0.767857 0.008929 0.816964 0.000000 0.821429 0.000000 0.906250 0.017857 0.901786 0.022321 0.879464 0.071429 0.857143 0.049107 0.834821 0.058036 0.799107 0.040179 0.781250 0.040179 0.767857 0.062500 0.763393 0.058036 0.741071 0.035714 0.741071
1 0.754464 0.687500 0.758929 0.700893 0.803571 0.718750 0.870536 0.767857 0.919643 0.785714 0.928571 0.808036 0.946429 0.803571 0.977679 0.825893 0.959821 0.843750 0.959821 0.888393 0.977679 0.888393 0.968750 0.915179 0.986607 0.933036 0.995536 0.924107 0.995536 0.857143 0.986607 0.852679 0.995536 0.794643
1 0.272321 0.665179 0.285714 0.696429 0.294643 0.696429 0.290179 0.674107
1 0.062500 0.540179 0.062500 0.553571 0.102679 0.558036 0.093750 0.544643
1 0.000000 0.531250 0.000000 0.553571 0.049107 0.549107 0.035714 0.526786
1 0.959821 0.495536 0.959821 0.513393 0.915179 0.558036 0.910714 0.580357 0.924107 0.589286 0.901786 0.598214 0.901786 0.607143 0.995536 0.633929 0.995536 0.504464
