0 0.000000 0.750000 0.000000 0.995536 0.995536 0.995536 0.995536 0.785714 0.950893 0.785714 0.919643 0.763393 0.919643 0.674107 0.946429 0.669643 0.946429 0.589286 0.995536 0.584821 0.995536 0.500000 0.178571 0.500000 0.178571 0.687500 0.138393 0.691964 0.138393 0.901786 0.044643 0.897321 0.035714 0.750000
1 0.464286 0.986607 0.437500 0.964286 0.406250 0.995536 0.464286 0.995536
1 0.906250 0.933036 0.901786 0.955357 0.924107 0.968750 0.928571 0.941964
1 0.107143 0.928571 0.111607 0.941964 0.098214 0.946429 0.111607 0.986607 0.125000 0.991071 0.116071 0.968750 0.120536 0.937500
1 0.026786 0.848214 0.026786 0.875000 0.062500 0.883929 0.062500 0.866071 0.040179 0.866071 0.035714 0.848214
1 0.348214 0.825893 0.334821 0.843750 0.388393 0.955357 0.406250 0.964286 0.433036 0.933036 0.379464 0.843750
1 0.303571 0.776786 0.321429 0.808036 0.339286 0.808036 0.339286 0.794643
1 0.000000 0.750000 0.004464 0.794643 0.035714 0.794643 0.031250 0.767857 0.022321 0.767857 0.026786 0.781250 0.017857 0.790179
1 0.017857 0.732143 0.013393 0.758929 0.040179 0.754464 0.035714 0.732143
1 0.718750 0.678571 0.718750 0.687500 0.834821 0.736607 0.839286 0.750000 0.875000 0.758929 0.897321 0.799107 0.924107 0.785714 0.950893 0.803571 0.968750 0.830357 0.915179 0.857143 0.906250 0.901786 0.901786 0.875000 0.892857 0.875000 0.892857 0.901786 0.906250 0.906250 0.901786 0.924107 0.924107 0.924107 0.933036 0.906250 0.973214 0.915179 0.955357 0.977679 0.928571 0.982143 0.928571 0.995536 0.995536 0.995536 0.995536 0.794643 0.986607 0.785714 0.995536 0.767857 0.982143 0.781250 0.968750 0.767857 0.928571 0.763393 0.897321 0.741071
1 0.848214 0.647321 0.848214 0.656250 0.892857 0.674107 0.964286 0.687500 0.964286 0.665179 0.933036 0.669643
1 0.906250 0.531250 0.906250 0.553571 0.919643 0.566964 0.933036 0.558036 0.959821 0.598214 0.977679 0.584821 0.995536 0.602679 0.995536 0.562500 0.941964 0.553571 0.928571 0.517857
1 0.937500 0.482143 0.933036 0.500000 0.959821 0.508929 0.973214 0.544643 0.995536 0.553571 0.995536 0.482143
2 0.464286 0.910714 0.464286 0.991071 0.571429 0.991071 0.571429 0.910714
