0 0.995536 0.500000 0.566964 0.500000 0.562500 0.575893 0.468750 0.575893 0.410714 0.558036 0.236607 0.535714 0.000000 0.540179 0.000000 0.995536 0.995536 0.995536 0.995536 0.879464 0.937500 0.879464 0.919643 0.843750 0.705357 0.674107 0.709821 0.580357 0.750000 0.580357 0.758929 0.558036 0.866071 0.558036 0.941964 0.584821 0.995536 0.584821
1 0.093750 0.964286 0.080357 0.968750 0.071429 0.995536 0.084821 0.995536
1 0.022321 0.799107 0.000000 0.803571 0.000000 0.834821 0.008929 0.839286 0.000000 0.888393 0.022321 0.852679
1 0.656250 0.656250 0.656250 0.665179 0.745536 0.723214 0.933036 0.897321 0.928571 0.910714 0.946429 0.910714 0.982143 0.955357 0.995536 0.955357 0.995536 0.897321 0.977679 0.883929 0.991071 0.879464 0.995536 0.861607 0.964286 0.870536 0.946429 0.843750 0.915179 0.834821 0.776786 0.723214
1 0.174107 0.607143 0.174107 0.620536 0.223214 0.660714 0.241071 0.691964 0.245536 0.754464 0.227679 0.816964 0.232143 0.848214 0.218750 0.857143 0.169643 0.995536 0.227679 0.995536 0.258929 0.879464 0.250000 0.848214 0.263393 0.843750 0.272321 0.816964 0.272321 0.709821 0.232143 0.638393
1 0.000000 0.566964 0.000000 0.580357 0.075893 0.589286 0.075893 0.575893 0.062500 0.566964
1 0.000000 0.540179 0.000000 0.553571 0.035714 0.549107 0.035714 0.540179
1 0.888393 0.531250 0.892857 0.549107 0.946429 0.553571 0.906250 0.562500 0.906250 0.571429 0.995536 0.602679 0.995536 0.522321 0.968750 0.522321 0.964286 0.535714 0.928571 0.531250 0.924107 0.544643
1 0.808036 0.482143 0.808036 0.491071 0.857143 0.504464 0.866071 0.482143
2 0.272321 0.674107 0.272321 0.776786 0.361607 0.776786 0.361607 0.674107
