0 0.000000 0.500000 0.000000 0.995536 0.995536 0.995536 0.995536 0.674107 0.941964 0.669643 0.937500 0.535714 0.892857 0.535714 0.888393 0.500000 0.848214 0.500000 0.843750 0.526786 0.709821 0.526786 0.718750 0.549107 0.709821 0.790179 0.691964 0.933036 0.678571 0.941964 0.584821 0.937500 0.589286 0.642857 0.580357 0.616071 0.580357 0.500000
1 0.910714 0.955357 0.901786 0.995536 0.959821 0.995536 0.959821 0.986607 0.937500 0.991071 0.919643 0.955357
1 0.058036 0.919643 0.044643 0.919643 0.040179 0.946429 0.000000 0.955357 0.000000 0.968750 0.017857 0.973214 0.000000 0.977679 0.000000 0.995536 0.008929 0.986607 0.017857 0.995536 0.049107 0.986607 0.049107 0.977679 0.031250 0.986607 0.026786 0.973214 0.040179 0.959821 0.062500 0.964286 0.071429 0.933036
1 0.330357 0.906250 0.321429 0.924107 0.339286 0.995536 0.392857 0.995536 0.370536 0.906250
1 0.933036 0.848214 0.933036 0.857143 0.950893 0.861607 0.946429 0.879464 0.955357 0.883929 0.955357 0.897321 0.928571 0.910714 0.933036 0.933036 0.950893 0.933036 0.955357 0.897321 0.973214 0.901786 0.973214 0.924107 0.995536 0.924107 0.995536 0.892857 0.982143 0.892857 0.995536 0.883929 0.995536 0.861607 0.955357 0.861607 0.959821 0.843750
1 0.870536 0.799107 0.879464 0.825893 0.892857 0.825893 0.892857 0.812500
1 0.808036 0.718750 0.816964 0.736607 0.906250 0.794643 0.910714 0.816964 0.897321 0.848214 0.928571 0.825893 0.955357 0.825893 0.968750 0.848214 0.995536 0.848214 0.995536 0.812500 0.982143 0.803571 0.995536 0.790179 0.995536 0.767857 0.973214 0.767857 0.986607 0.790179 0.968750 0.794643 0.946429 0.772321 0.933036 0.776786 0.834821 0.723214
1 0.910714 0.656250 0.906250 0.674107 0.955357 0.718750 0.955357 0.741071 0.986607 0.745536 0.995536 0.736607 0.995536 0.665179 0.973214 0.687500
1 0.843750 0.620536 0.848214 0.638393 0.870536 0.647321 0.879464 0.665179 0.892857 0.660714 0.883929 0.638393
1 0.000000 0.508929 0.000000 0.915179 0.022321 0.915179 0.044643 0.897321 0.093750 0.906250 0.093750 0.892857 0.071429 0.883929 0.066964 0.866071 0.040179 0.852679 0.040179 0.839286 0.066964 0.834821 0.071429 0.852679 0.084821 0.852679 0.084821 0.785714 0.102679 0.776786 0.102679 0.732143 0.120536 0.718750 0.120536 0.660714 0.133929 0.656250 0.138393 0.674107 0.151786 0.674107 0.151786 0.660714 0.133929 0.656250 0.138393 0.638393 0.187500 0.665179 0.250000 0.723214 0.254464 0.745536 0.290179 0.794643 0.312500 0.883929 0.321429 0.892857 0.357143 0.892857 0.357143 0.861607 0.334821 0.808036 0.276786 0.714286 0.160714 0.611607 0.120536 0.602679 0.098214 0.540179 0.035714 0.540179 0.008929 0.522321 0.013393 0.508929
1 0.049107 0.517857 0.133929 0.513393 0.133929 0.504464 0.053571 0.500000
