0 0.000000 0.526786 0.000000 0.995536 0.995536 0.995536 0.995536 0.790179 0.950893 0.790179 0.772321 0.691964 0.776786 0.598214 0.875000 0.598214 0.941964 0.625000 0.995536 0.625000 0.995536 0.522321 0.950893 0.522321 0.946429 0.500000 0.491071 0.500000 0.486607 0.549107 0.383929 0.549107 0.316964 0.531250 0.178571 0.522321
1 0.415179 0.968750 0.415179 0.995536 0.459821 0.995536 0.450893 0.964286 0.428571 0.959821
1 0.973214 0.875000 0.973214 0.906250 0.982143 0.910714 0.973214 0.933036 0.986607 0.937500 0.982143 0.950893 0.995536 0.950893 0.982143 0.875000
1 0.017857 0.799107 0.000000 0.812500 0.000000 0.830357 0.013393 0.834821 0.000000 0.839286 0.000000 0.941964 0.022321 0.933036 0.026786 0.950893 0.040179 0.950893 0.049107 0.861607 0.022321 0.852679 0.040179 0.839286 0.026786 0.825893 0.040179 0.812500 0.031250 0.799107
1 0.357143 0.785714 0.397321 0.919643 0.406250 0.928571 0.433036 0.924107 0.379464 0.790179
1 0.812500 0.709821 0.843750 0.741071 0.937500 0.794643 0.946429 0.812500 0.968750 0.812500 0.977679 0.821429 0.968750 0.839286 0.982143 0.843750 0.982143 0.857143 0.995536 0.857143 0.986607 0.834821 0.995536 0.830357 0.995536 0.799107 0.977679 0.785714 0.995536 0.781250 0.995536 0.772321 0.937500 0.772321
1 0.316964 0.700893 0.334821 0.754464 0.357143 0.767857 0.352679 0.741071
1 0.767857 0.687500 0.767857 0.696429 0.799107 0.709821 0.794643 0.696429
1 0.071429 0.522321 0.000000 0.531250 0.000000 0.558036 0.013393 0.544643 0.026786 0.553571 0.066964 0.544643
1 0.937500 0.500000 0.941964 0.540179 0.919643 0.531250 0.915179 0.589286 0.892857 0.598214 0.892857 0.611607 0.995536 0.638393 0.995536 0.504464 0.977679 0.504464 0.955357 0.522321 0.950893 0.500000
