0 0.111607 0.500000 0.102679 0.535714 0.111607 0.723214 0.102679 0.741071 0.080357 0.750000 0.075893 0.950893 0.000000 0.955357 0.000000 0.995536 0.995536 0.995536 0.995536 0.776786 0.946429 0.776786 0.870536 0.727679 0.875000 0.633929 0.995536 0.633929 0.995536 0.513393 0.941964 0.513393 0.919643 0.500000 0.348214 0.500000 0.343750 0.508929 0.165179 0.508929 0.160714 0.500000
1 0.093750 0.919643 0.080357 0.928571 0.058036 0.919643 0.058036 0.933036 0.035714 0.946429 0.000000 0.937500 0.000000 0.955357 0.013393 0.950893 0.017857 0.968750 0.040179 0.973214
1 0.410714 0.857143 0.392857 0.879464 0.441964 0.995536 0.491071 0.995536 0.441964 0.879464 0.424107 0.857143
1 0.343750 0.758929 0.339286 0.776786 0.352679 0.785714 0.375000 0.839286 0.401786 0.843750 0.406250 0.821429 0.370536 0.767857
1 0.285714 0.696429 0.285714 0.709821 0.321429 0.745536 0.339286 0.745536 0.321429 0.714286
1 0.758929 0.678571 0.772321 0.696429 0.897321 0.758929 0.915179 0.776786 0.910714 0.816964 0.933036 0.808036 0.946429 0.830357 0.964286 0.830357 0.973214 0.816964 0.991071 0.825893 0.946429 0.861607 0.941964 0.839286 0.928571 0.839286 0.928571 0.852679 0.901786 0.866071 0.901786 0.888393 0.919643 0.901786 0.919643 0.915179 0.946429 0.906250 0.973214 0.919643 0.928571 0.946429 0.919643 0.986607 0.901786 0.995536 0.924107 0.995536 0.928571 0.986607 0.941964 0.995536 0.995536 0.995536 0.995536 0.861607 0.986607 0.857143 0.995536 0.848214 0.995536 0.763393 0.982143 0.758929 0.977679 0.772321 0.959821 0.772321 0.866071 0.718750
1 0.901786 0.620536 0.901786 0.629464 0.928571 0.642857 0.995536 0.651786 0.995536 0.629464
1 0.964286 0.598214 0.973214 0.611607 0.995536 0.607143 0.995536 0.589286
1 0.995536 0.549107 0.982143 0.549107 0.964286 0.580357 0.986607 0.580357
1 0.941964 0.508929 0.946429 0.531250 0.995536 0.540179 0.995536 0.504464 0.986607 0.495536 0.964286 0.495536 0.986607 0.526786
2 0.089286 0.522321 0.089286 0.607143 0.196429 0.607143 0.196429 0.522321
