0 0.000000 0.500000 0.000000 0.660714 0.049107 0.665179 0.058036 0.732143 0.058036 0.901786 0.000000 0.906250 0.000000 0.995536 0.995536 0.995536 0.995536 0.794643 0.950893 0.794643 0.834821 0.718750 0.808036 0.714286 0.741071 0.669643 0.745536 0.575893 0.995536 0.589286 0.995536 0.549107 0.950893 0.549107 0.875000 0.508929 0.790179 0.508929 0.776786 0.500000 0.254464 0.500000 0.250000 0.535714 0.071429 0.535714 0.066964 0.500000
1 0.397321 0.928571 0.388393 0.950893 0.401786 0.995536 0.450893 0.995536 0.424107 0.919643
1 0.000000 0.888393 0.008929 0.906250 0.000000 0.933036 0.031250 0.955357 0.022321 0.919643 0.049107 0.915179 0.058036 0.901786 0.040179 0.897321 0.026786 0.906250 0.017857 0.888393
1 0.892857 0.830357 0.897321 0.852679 0.915179 0.857143 0.906250 0.830357
1 0.080357 0.790179 0.053571 0.794643 0.053571 0.808036 0.040179 0.812500 0.040179 0.821429 0.062500 0.816964 0.058036 0.839286 0.040179 0.843750 0.040179 0.857143 0.058036 0.839286 0.084821 0.834821
1 0.343750 0.781250 0.339286 0.799107 0.375000 0.901786 0.406250 0.901786 0.410714 0.879464 0.370536 0.785714
1 0.066964 0.705357 0.053571 0.709821 0.053571 0.750000 0.071429 0.736607
1 0.745536 0.674107 0.758929 0.691964 0.830357 0.723214 0.888393 0.763393 0.919643 0.799107 0.937500 0.794643 0.941964 0.808036 0.964286 0.816964 0.973214 0.843750 0.946429 0.857143 0.937500 0.848214 0.946429 0.830357 0.937500 0.830357 0.928571 0.861607 0.946429 0.866071 0.946429 0.901786 0.955357 0.910714 0.946429 0.968750 0.955357 0.973214 0.955357 0.995536 0.982143 0.995536 0.977679 0.964286 0.986607 0.959821 0.995536 0.977679 0.986607 0.955357 0.995536 0.950893 0.995536 0.866071 0.986607 0.861607 0.995536 0.799107 0.950893 0.767857
1 0.008929 0.669643 0.008929 0.678571 0.044643 0.691964 0.044643 0.678571 0.031250 0.678571 0.022321 0.665179
1 0.258929 0.660714 0.258929 0.674107 0.299107 0.705357 0.325893 0.763393 0.348214 0.767857 0.348214 0.750000 0.325893 0.718750 0.294643 0.700893 0.294643 0.683036 0.276786 0.665179
1 0.022321 0.638393 0.022321 0.647321 0.053571 0.656250 0.044643 0.638393
1 0.950893 0.553571 0.973214 0.580357 0.964286 0.593750 0.995536 0.593750 0.991071 0.562500
1 0.053571 0.531250 0.000000 0.540179 0.000000 0.638393 0.049107 0.589286 0.053571 0.602679 0.080357 0.607143 0.066964 0.580357 0.035714 0.584821 0.031250 0.566964 0.017857 0.571429 0.004464 0.558036 0.013393 0.544643 0.031250 0.558036
1 0.000000 0.482143 0.000000 0.495536 0.022321 0.500000 0.004464 0.504464 0.004464 0.517857 0.035714 0.517857 0.044643 0.500000 0.026786 0.495536 0.040179 0.482143
2 0.258929 0.575893 0.258929 0.638393 0.366071 0.638393 0.366071 0.575893
