0 0.000000 0.531250 0.000000 0.995536 0.995536 0.995536 0.995536 0.794643 0.950893 0.794643 0.915179 0.781250 0.848214 0.736607 0.714286 0.674107 0.718750 0.580357 0.808036 0.580357 0.995536 0.607143 0.995536 0.500000 0.441964 0.500000 0.437500 0.544643 0.330357 0.544643 0.156250 0.526786
1 0.000000 0.915179 0.000000 0.968750 0.017857 0.946429 0.026786 0.955357 0.026786 0.995536 0.049107 0.995536 0.040179 0.973214 0.058036 0.941964 0.044643 0.933036 0.026786 0.941964
1 0.361607 0.883929 0.357143 0.901786 0.383929 0.995536 0.428571 0.995536 0.388393 0.888393
1 0.000000 0.875000 0.000000 0.888393 0.035714 0.897321 0.026786 0.910714 0.066964 0.906250 0.066964 0.892857 0.035714 0.875000
1 0.308036 0.754464 0.339286 0.848214 0.370536 0.857143 0.343750 0.781250 0.321429 0.754464
1 0.000000 0.705357 0.000000 0.825893 0.031250 0.821429 0.035714 0.834821 0.017857 0.839286 0.017857 0.852679 0.035714 0.861607 0.035714 0.834821 0.066964 0.843750 0.071429 0.830357 0.040179 0.825893 0.044643 0.808036 0.017857 0.808036 0.022321 0.794643 0.049107 0.790179 0.040179 0.776786 0.044643 0.750000 0.022321 0.750000 0.040179 0.714286 0.022321 0.723214
1 0.750000 0.691964 0.750000 0.700893 0.852679 0.750000 0.919643 0.799107 0.959821 0.812500 0.977679 0.834821 0.995536 0.834821 0.995536 0.794643 0.986607 0.799107 0.848214 0.727679
1 0.267857 0.678571 0.294643 0.732143 0.308036 0.732143 0.281250 0.678571
1 0.004464 0.602679 0.004464 0.611607 0.026786 0.620536 0.026786 0.593750
1 0.071429 0.526786 0.026786 0.526786 0.017857 0.540179 0.000000 0.531250 0.000000 0.571429 0.031250 0.571429
1 0.991071 0.500000 0.982143 0.500000 0.982143 0.522321 0.973214 0.531250 0.959821 0.522321 0.955357 0.549107 0.937500 0.558036 0.941964 0.580357 0.924107 0.589286 0.892857 0.580357 0.906250 0.602679 0.995536 0.620536
