0 0.995536 0.593750 0.941964 0.589286 0.941964 0.500000 0.513393 0.500000 0.508929 0.553571 0.410714 0.553571 0.330357 0.531250 0.093750 0.522321 0.062500 0.531250 0.044643 0.553571 0.000000 0.553571 0.000000 0.995536 0.995536 0.995536 0.995536 0.785714 0.950893 0.785714 0.781250 0.691964 0.785714 0.598214 0.897321 0.598214 0.910714 0.620536 0.995536 0.629464
1 0.000000 0.946429 0.000000 0.977679 0.035714 0.973214 0.031250 0.950893
1 0.410714 0.883929 0.437500 0.995536 0.482143 0.995536 0.441964 0.892857
1 0.062500 0.861607 0.026786 0.861607 0.022321 0.883929 0.000000 0.870536 0.000000 0.924107 0.026786 0.928571 0.053571 0.897321 0.071429 0.906250 0.075893 0.883929
1 0.357143 0.750000 0.392857 0.852679 0.415179 0.852679 0.397321 0.790179 0.375000 0.754464
1 0.321429 0.683036 0.330357 0.709821 0.352679 0.723214 0.334821 0.687500
1 0.736607 0.669643 0.736607 0.678571 0.830357 0.723214 0.901786 0.776786 0.928571 0.785714 0.941964 0.799107 0.937500 0.812500 0.964286 0.808036 0.973214 0.816964 0.959821 0.830357 0.991071 0.861607 0.995536 0.919643 0.995536 0.843750 0.986607 0.834821 0.995536 0.830357 0.995536 0.790179 0.977679 0.790179 0.968750 0.772321 0.946429 0.772321 0.883929 0.732143
1 0.937500 0.540179 0.919643 0.571429 0.910714 0.620536 0.995536 0.647321 0.995536 0.575893 0.955357 0.575893 0.946429 0.593750 0.937500 0.584821 0.946429 0.540179
1 0.000000 0.535714 0.000000 0.553571 0.035714 0.549107 0.035714 0.535714
1 0.919643 0.482143 0.915179 0.508929 0.928571 0.508929 0.933036 0.495536 0.946429 0.508929 0.946429 0.495536
2 0.392857 0.834821 0.392857 0.977679 0.477679 0.977679 0.477679 0.834821
