0 0.995536 0.500000 0.607143 0.500000 0.602679 0.517857 0.540179 0.526786 0.535714 0.562500 0.437500 0.562500 0.361607 0.540179 0.232143 0.526786 0.000000 0.531250 0.000000 0.995536 0.995536 0.995536 0.995536 0.870536 0.946429 0.870536 0.816964 0.794643 0.799107 0.772321 0.763393 0.763393 0.736607 0.732143 0.638393 0.669643 0.642857 0.544643 0.741071 0.544643 0.866071 0.571429 0.950893 0.602679 0.995536 0.602679
1 0.013393 0.875000 0.013393 0.915179 0.022321 0.915179 0.035714 0.883929
1 0.022321 0.785714 0.000000 0.794643 0.000000 0.803571 0.013393 0.803571 0.000000 0.812500 0.000000 0.883929 0.013393 0.857143 0.008929 0.839286 0.026786 0.830357 0.008929 0.812500 0.026786 0.808036
1 0.004464 0.750000 0.000000 0.772321 0.026786 0.767857 0.026786 0.758929
1 0.000000 0.665179 0.000000 0.714286 0.017857 0.714286 0.004464 0.696429 0.017857 0.691964 0.017857 0.674107
1 0.593750 0.656250 0.602679 0.674107 0.950893 0.892857 0.964286 0.892857 0.995536 0.928571 0.986607 0.915179 0.995536 0.910714 0.995536 0.852679 0.964286 0.852679 0.941964 0.834821 0.924107 0.834821 0.906250 0.816964
1 0.522321 0.616071 0.526786 0.629464 0.580357 0.656250 0.575893 0.642857
1 0.058036 0.607143 0.049107 0.607143 0.031250 0.638393 0.049107 0.638393
1 0.000000 0.535714 0.000000 0.584821 0.017857 0.566964 0.044643 0.575893 0.066964 0.566964 0.142857 0.580357 0.178571 0.602679 0.160714 0.821429 0.151786 0.825893 0.151786 0.843750 0.165179 0.857143 0.156250 0.866071 0.156250 0.901786 0.138393 0.928571 0.147321 0.941964 0.138393 0.977679 0.142857 0.995536 0.200893 0.995536 0.191964 0.852679 0.200893 0.834821 0.200893 0.607143 0.187500 0.589286 0.129464 0.571429 0.111607 0.553571 0.062500 0.553571 0.062500 0.531250
1 0.883929 0.531250 0.901786 0.549107 0.879464 0.571429 0.901786 0.589286 0.995536 0.616071 0.995536 0.482143 0.973214 0.482143 0.968750 0.504464 0.977679 0.513393 0.928571 0.517857 0.924107 0.535714
