0 0.000000 0.500000 0.000000 0.995536 0.995536 0.995536 0.995536 0.607143 0.883929 0.607143 0.879464 0.575893 0.861607 0.566964 0.861607 0.531250 0.758929 0.531250 0.754464 0.500000 0.602679 0.504464 0.607143 0.705357 0.593750 0.790179 0.575893 0.808036 0.571429 0.843750 0.482143 0.843750 0.482143 0.566964 0.428571 0.544643 0.428571 0.500000
1 0.053571 0.928571 0.062500 0.950893 0.084821 0.950893 0.080357 0.928571
1 0.928571 0.910714 0.928571 0.968750 0.941964 0.968750 0.941964 0.955357 0.964286 0.950893 0.964286 0.937500 0.941964 0.924107 0.941964 0.910714
1 0.339286 0.866071 0.321429 0.995536 0.379464 0.995536 0.379464 0.875000
1 0.053571 0.866071 0.053571 0.897321 0.071429 0.906250 0.102679 0.897321 0.102679 0.883929
1 0.946429 0.633929 0.946429 0.683036 0.959821 0.687500 0.968750 0.647321
1 0.977679 0.629464 0.977679 0.718750 0.959821 0.723214 0.955357 0.705357 0.928571 0.705357 0.924107 0.691964 0.901786 0.696429 0.843750 0.665179 0.870536 0.696429 0.977679 0.772321 0.968750 0.785714 0.973214 0.812500 0.937500 0.776786 0.924107 0.781250 0.848214 0.723214 0.821429 0.714286 0.821429 0.727679 0.924107 0.816964 0.919643 0.834821 0.946429 0.834821 0.941964 0.857143 0.955357 0.843750 0.986607 0.879464 0.986607 0.892857 0.946429 0.879464 0.955357 0.915179 0.991071 0.919643 0.982143 0.995536 0.995536 0.995536 0.995536 0.816964 0.977679 0.790179 0.995536 0.790179 0.995536 0.732143 0.982143 0.718750 0.995536 0.709821 0.995536 0.633929
1 0.241071 0.593750 0.241071 0.602679 0.281250 0.620536 0.343750 0.691964 0.352679 0.741071 0.343750 0.852679 0.375000 0.857143 0.383929 0.830357 0.379464 0.732143 0.352679 0.665179 0.321429 0.625000 0.299107 0.620536 0.281250 0.598214
1 0.937500 0.616071 0.959821 0.620536 0.959821 0.602679 0.991071 0.602679 0.995536 0.589286 0.955357 0.589286
1 0.223214 0.580357 0.107143 0.544643 0.102679 0.531250 0.062500 0.531250 0.058036 0.540179 0.049107 0.531250 0.000000 0.531250 0.000000 0.879464 0.031250 0.870536 0.031250 0.848214 0.058036 0.843750 0.093750 0.799107 0.093750 0.758929 0.084821 0.741071 0.066964 0.736607 0.066964 0.714286 0.089286 0.709821 0.089286 0.696429 0.120536 0.665179 0.111607 0.575893 0.138393 0.571429 0.142857 0.584821 0.223214 0.589286
1 0.000000 0.508929 0.000000 0.522321 0.035714 0.517857 0.035714 0.508929
