0 0.000000 0.718750 0.000000 0.995536 0.995536 0.995536 0.995536 0.531250 0.941964 0.531250 0.928571 0.517857 0.928571 0.500000 0.196429 0.500000 0.196429 0.741071 0.169643 0.745536 0.156250 0.950893 0.062500 0.946429 0.062500 0.915179 0.049107 0.892857 0.040179 0.718750
1 0.339286 0.959821 0.343750 0.995536 0.406250 0.995536 0.379464 0.946429
1 0.004464 0.857143 0.017857 0.883929 0.035714 0.883929 0.026786 0.870536 0.031250 0.852679
1 0.276786 0.834821 0.316964 0.933036 0.352679 0.924107 0.348214 0.897321 0.294643 0.834821
1 0.227679 0.772321 0.241071 0.799107 0.267857 0.803571 0.245536 0.772321
1 0.955357 0.732143 0.955357 0.745536 0.977679 0.754464 0.995536 0.781250 0.995536 0.758929 0.977679 0.754464 0.977679 0.736607
1 0.700893 0.683036 0.700893 0.691964 0.785714 0.723214 0.857143 0.767857 0.879464 0.767857 0.879464 0.785714 0.901786 0.794643 0.906250 0.816964 0.919643 0.816964 0.928571 0.803571 0.946429 0.821429 0.941964 0.830357 0.919643 0.830357 0.915179 0.843750 0.937500 0.875000 0.937500 0.906250 0.928571 0.910714 0.915179 0.883929 0.906250 0.883929 0.910714 0.924107 0.924107 0.933036 0.883929 0.955357 0.866071 0.946429 0.866071 0.959821 0.883929 0.968750 0.924107 0.950893 0.928571 0.973214 0.906250 0.991071 0.875000 0.995536 0.950893 0.995536 0.950893 0.964286 0.959821 0.959821 0.959821 0.901786 0.950893 0.897321 0.959821 0.883929 0.946429 0.875000 0.959821 0.857143 0.933036 0.861607 0.928571 0.843750 0.950893 0.843750 0.968750 0.821429 0.982143 0.825893 0.982143 0.906250 0.991071 0.910714 0.973214 0.941964 0.995536 0.968750 0.995536 0.790179
1 0.799107 0.651786 0.803571 0.665179 0.919643 0.691964 0.928571 0.705357 0.968750 0.709821 0.995536 0.727679 0.995536 0.691964 0.982143 0.687500 0.995536 0.674107 0.964286 0.674107 0.959821 0.660714 0.892857 0.674107
1 0.924107 0.602679 0.919643 0.620536 0.937500 0.616071 0.941964 0.638393 0.959821 0.638393 0.959821 0.625000
1 0.973214 0.517857 0.959821 0.517857 0.950893 0.553571 0.937500 0.544643 0.915179 0.549107 0.933036 0.571429 0.955357 0.575893 0.955357 0.593750 0.995536 0.558036 0.995536 0.535714 0.977679 0.535714
1 0.933036 0.486607 0.933036 0.504464 0.950893 0.513393 0.946429 0.486607
