0 0.000000 0.531250 0.000000 0.995536 0.995536 0.995536 0.995536 0.785714 0.933036 0.781250 0.848214 0.723214 0.812500 0.714286 0.794643 0.696429 0.691964 0.651786 0.696429 0.558036 0.995536 0.575893 0.995536 0.526786 0.946429 0.526786 0.941964 0.500000 0.446429 0.500000 0.441964 0.544643 0.183036 0.526786
1 0.000000 0.821429 0.000000 0.924107 0.022321 0.928571 0.000000 0.937500 0.000000 0.968750 0.008929 0.973214 0.000000 0.995536 0.026786 0.995536 0.040179 0.933036 0.017857 0.924107 0.008929 0.888393 0.022321 0.875000 0.013393 0.825893
1 0.343750 0.812500 0.339286 0.825893 0.357143 0.852679 0.383929 0.955357 0.392857 0.964286 0.424107 0.964286 0.428571 0.946429 0.388393 0.848214 0.361607 0.812500
1 0.040179 0.750000 0.017857 0.758929 0.008929 0.785714 0.031250 0.781250 0.026786 0.763393
1 0.290179 0.714286 0.316964 0.776786 0.343750 0.790179 0.308036 0.714286
1 0.736607 0.674107 0.736607 0.683036 0.825893 0.723214 0.901786 0.776786 0.977679 0.812500 0.977679 0.843750 0.986607 0.843750 0.995536 0.785714 0.977679 0.772321 0.955357 0.772321 0.866071 0.723214
1 0.250000 0.656250 0.267857 0.696429 0.290179 0.705357 0.281250 0.674107
1 0.044643 0.526786 0.031250 0.540179 0.000000 0.531250 0.000000 0.553571 0.022321 0.562500 0.049107 0.558036
1 0.959821 0.508929 0.968750 0.526786 0.955357 0.531250 0.955357 0.562500 0.946429 0.571429 0.915179 0.571429 0.915179 0.580357 0.995536 0.593750 0.991071 0.508929
1 0.924107 0.486607 0.933036 0.526786 0.941964 0.526786 0.941964 0.486607
2 0.125000 0.571429 0.125000 0.665179 0.183036 0.665179 0.183036 0.571429
