0 0.000000 0.500000 0.000000 0.995536 0.995536 0.995536 0.995536 0.776786 0.950893 0.776786 0.879464 0.732143 0.870536 0.714286 0.843750 0.709821 0.848214 0.616071 0.937500 0.616071 0.941964 0.629464 0.995536 0.629464 0.995536 0.531250 0.928571 0.531250 0.924107 0.508929 0.897321 0.508929 0.892857 0.500000 0.566964 0.500000 0.562500 0.558036 0.464286 0.558036 0.348214 0.531250 0.089286 0.522321 0.084821 0.500000
1 0.508929 0.964286 0.513393 0.995536 0.549107 0.995536 0.535714 0.964286
1 0.441964 0.785714 0.446429 0.821429 0.486607 0.924107 0.513393 0.924107 0.468750 0.812500
1 0.397321 0.714286 0.419643 0.763393 0.433036 0.767857 0.433036 0.750000
1 0.803571 0.687500 0.803571 0.696429 0.901786 0.754464 0.928571 0.781250 0.959821 0.790179 0.964286 0.799107 0.950893 0.816964 0.968750 0.803571 0.982143 0.808036 0.933036 0.852679 0.946429 0.883929 0.924107 0.897321 0.910714 0.892857 0.919643 0.906250 0.910714 0.919643 0.919643 0.964286 0.946429 0.977679 0.937500 0.991071 0.919643 0.986607 0.919643 0.995536 0.973214 0.995536 0.950893 0.973214 0.995536 0.950893 0.995536 0.937500 0.968750 0.933036 0.982143 0.924107 0.977679 0.906250 0.995536 0.901786 0.995536 0.767857 0.977679 0.772321 0.973214 0.758929 0.950893 0.758929 0.924107 0.736607 0.906250 0.736607
1 0.915179 0.593750 0.910714 0.616071 0.928571 0.620536 0.928571 0.602679
1 0.031250 0.589286 0.017857 0.589286 0.026786 0.633929 0.017857 0.656250 0.000000 0.656250 0.000000 0.727679 0.022321 0.714286 0.013393 0.691964 0.044643 0.683036 0.035714 0.638393 0.044643 0.616071
1 0.022321 0.549107 0.084821 0.549107 0.084821 0.540179 0.066964 0.544643 0.062500 0.531250 0.026786 0.531250
1 0.941964 0.513393 0.941964 0.629464 0.995536 0.647321 0.995536 0.513393
1 0.053571 0.486607 0.031250 0.500000 0.026786 0.522321 0.062500 0.513393
2 0.397321 0.575893 0.361607 0.611607 0.357143 0.660714 0.383929 0.705357 0.415179 0.709821 0.450893 0.678571 0.455357 0.625000 0.428571 0.580357
