0 0.000000 0.535714 0.000000 0.995536 0.995536 0.995536 0.995536 0.776786 0.937500 0.772321 0.651786 0.629464 0.656250 0.535714 0.772321 0.535714 0.995536 0.558036 0.995536 0.500000 0.486607 0.500000 0.482143 0.553571 0.388393 0.553571 0.312500 0.535714 0.191964 0.526786
1 0.392857 0.964286 0.397321 0.995536 0.450893 0.995536 0.433036 0.959821
1 0.017857 0.964286 0.017857 0.977679 0.031250 0.977679 0.044643 0.955357 0.049107 0.968750 0.066964 0.973214 0.066964 0.955357 0.053571 0.955357 0.049107 0.937500 0.035714 0.937500
1 0.000000 0.857143 0.000000 0.928571 0.022321 0.933036 0.053571 0.883929 0.035714 0.883929 0.013393 0.857143
1 0.339286 0.799107 0.379464 0.924107 0.415179 0.928571 0.415179 0.906250 0.370536 0.812500 0.357143 0.799107
1 0.000000 0.767857 0.000000 0.843750 0.031250 0.843750 0.049107 0.830357 0.040179 0.808036 0.013393 0.816964 0.004464 0.808036 0.044643 0.799107 0.049107 0.785714 0.040179 0.767857 0.022321 0.781250 0.017857 0.763393
1 0.294643 0.714286 0.321429 0.772321 0.343750 0.781250 0.321429 0.727679
1 0.000000 0.714286 0.008929 0.750000 0.022321 0.736607 0.058036 0.754464 0.058036 0.741071 0.040179 0.727679 0.040179 0.696429 0.026786 0.696429 0.017857 0.727679
1 0.723214 0.665179 0.723214 0.674107 0.879464 0.750000 0.928571 0.790179 0.955357 0.794643 0.995536 0.830357 0.995536 0.767857 0.986607 0.781250 0.973214 0.781250 0.964286 0.763393 0.928571 0.754464 0.888393 0.727679
1 0.062500 0.660714 0.031250 0.665179 0.013393 0.683036 0.040179 0.683036
1 0.223214 0.633929 0.272321 0.700893 0.290179 0.700893 0.281250 0.674107
1 0.165179 0.593750 0.169643 0.607143 0.200893 0.616071 0.187500 0.598214
1 0.013393 0.553571 0.022321 0.571429 0.071429 0.562500 0.071429 0.553571 0.044643 0.549107
1 0.933036 0.482143 0.941964 0.495536 0.933036 0.500000 0.933036 0.522321 0.924107 0.535714 0.901786 0.535714 0.910714 0.553571 0.995536 0.562500 0.995536 0.482143
1 0.892857 0.482143 0.892857 0.504464 0.906250 0.504464 0.906250 0.482143
