0 0.000000 0.531250 0.000000 0.995536 0.995536 0.995536 0.995536 0.794643 0.946429 0.794643 0.897321 0.758929 0.857143 0.750000 0.825893 0.723214 0.678571 0.656250 0.683036 0.562500 0.772321 0.562500 0.924107 0.584821 0.928571 0.571429 0.995536 0.571429 0.995536 0.504464 0.446429 0.500000 0.441964 0.544643 0.120536 0.526786
1 0.370536 0.937500 0.375000 0.995536 0.424107 0.995536 0.406250 0.946429
1 0.053571 0.924107 0.035714 0.928571 0.026786 0.964286 0.053571 0.946429
1 0.995536 0.857143 0.982143 0.861607 0.982143 0.906250 0.991071 0.910714 0.977679 0.937500 0.995536 0.924107
1 0.308036 0.781250 0.352679 0.906250 0.383929 0.906250 0.334821 0.785714
1 0.017857 0.776786 0.000000 0.790179 0.000000 0.982143 0.022321 0.982143 0.017857 0.995536 0.035714 0.995536 0.013393 0.968750 0.013393 0.928571 0.040179 0.906250 0.040179 0.861607 0.017857 0.852679 0.053571 0.812500 0.053571 0.799107 0.035714 0.799107 0.031250 0.821429 0.013393 0.816964 0.004464 0.799107 0.040179 0.785714 0.040179 0.776786
1 0.267857 0.696429 0.294643 0.763393 0.312500 0.767857 0.316964 0.750000 0.281250 0.700893
1 0.718750 0.674107 0.718750 0.683036 0.758929 0.705357 0.803571 0.718750 0.910714 0.785714 0.928571 0.785714 0.977679 0.834821 0.995536 0.834821 0.995536 0.776786 0.919643 0.763393 0.866071 0.732143
1 0.241071 0.656250 0.250000 0.683036 0.263393 0.683036 0.254464 0.660714
1 0.000000 0.651786 0.000000 0.767857 0.017857 0.767857 0.026786 0.754464 0.004464 0.736607 0.004464 0.714286 0.022321 0.678571 0.013393 0.656250
1 0.000000 0.544643 0.008929 0.562500 0.066964 0.562500 0.062500 0.549107
1 0.924107 0.535714 0.924107 0.558036 0.941964 0.558036 0.941964 0.535714
1 0.995536 0.508929 0.986607 0.535714 0.982143 0.513393 0.968750 0.508929 0.959821 0.544643 0.973214 0.544643 0.973214 0.558036 0.955357 0.553571 0.950893 0.571429 0.901786 0.562500 0.901786 0.589286 0.995536 0.589286
2 0.571429 0.857143 0.571429 0.991071 0.633929 0.991071 0.633929 0.857143
