0 0.995536 0.500000 0.540179 0.500000 0.535714 0.584821 0.446429 0.584821 0.361607 0.544643 0.308036 0.531250 0.160714 0.522321 0.000000 0.531250 0.000000 0.995536 0.995536 0.995536 0.995536 0.825893 0.946429 0.825893 0.883929 0.794643 0.861607 0.772321 0.656250 0.683036 0.625000 0.660714 0.629464 0.566964 0.803571 0.558036 0.843750 0.571429 0.888393 0.571429 0.892857 0.580357 0.995536 0.580357
1 0.107143 0.955357 0.107143 0.995536 0.120536 0.995536 0.129464 0.973214
1 0.191964 0.910714 0.187500 0.937500 0.200893 0.995536 0.258929 0.995536 0.232143 0.910714
1 0.008929 0.875000 0.000000 0.897321 0.017857 0.906250 0.026786 0.883929
1 0.071429 0.870536 0.084821 0.933036 0.066964 0.937500 0.066964 0.959821 0.084821 0.959821 0.098214 0.941964 0.098214 0.901786 0.080357 0.870536
1 0.035714 0.857143 0.040179 0.888393 0.053571 0.888393 0.058036 0.870536 0.049107 0.857143
1 0.084821 0.803571 0.075893 0.803571 0.066964 0.843750 0.084821 0.839286
1 0.035714 0.785714 0.035714 0.839286 0.049107 0.839286 0.053571 0.790179
1 0.066964 0.714286 0.044643 0.714286 0.044643 0.741071 0.066964 0.727679
1 0.026786 0.691964 0.017857 0.691964 0.000000 0.732143 0.000000 0.816964 0.013393 0.808036 0.013393 0.758929 0.031250 0.745536 0.022321 0.727679
1 0.589286 0.656250 0.602679 0.674107 0.691964 0.718750 0.709821 0.718750 0.830357 0.785714 0.848214 0.785714 0.946429 0.848214 0.964286 0.848214 0.995536 0.875000 0.995536 0.808036 0.937500 0.799107
1 0.089286 0.553571 0.084821 0.571429 0.102679 0.571429 0.138393 0.593750 0.178571 0.892857 0.205357 0.897321 0.223214 0.888393 0.200893 0.790179 0.191964 0.785714 0.191964 0.741071 0.160714 0.593750 0.147321 0.571429
1 0.080357 0.526786 0.035714 0.526786 0.035714 0.540179 0.066964 0.535714 0.066964 0.553571 0.026786 0.549107 0.026786 0.531250 0.000000 0.531250 0.000000 0.611607 0.022321 0.602679 0.013393 0.580357 0.022321 0.571429 0.075893 0.562500
1 0.883929 0.544643 0.883929 0.558036 0.928571 0.566964 0.910714 0.571429 0.910714 0.589286 0.995536 0.598214 0.995536 0.526786 0.977679 0.526786 0.968750 0.508929 0.955357 0.508929 0.946429 0.522321 0.955357 0.540179 0.901786 0.535714
1 0.964286 0.486607 0.964286 0.500000 0.977679 0.500000 0.982143 0.513393 0.995536 0.508929 0.995536 0.482143
