0 0.000000 0.526786 0.000000 0.995536 0.995536 0.995536 0.995536 0.772321 0.950893 0.772321 0.687500 0.638393 0.691964 0.544643 0.995536 0.562500 0.995536 0.500000 0.424107 0.500000 0.419643 0.535714
1 0.883929 0.959821 0.883929 0.973214 0.906250 0.973214 0.901786 0.955357
1 0.401786 0.901786 0.397321 0.919643 0.410714 0.933036 0.424107 0.995536 0.473214 0.995536 0.437500 0.910714
1 0.343750 0.767857 0.379464 0.866071 0.410714 0.875000 0.415179 0.857143 0.375000 0.785714
1 0.031250 0.741071 0.022321 0.741071 0.031250 0.758929 0.022321 0.772321 0.013393 0.750000 0.000000 0.750000 0.000000 0.919643 0.022321 0.924107 0.013393 0.937500 0.000000 0.928571 0.004464 0.950893 0.066964 0.910714 0.053571 0.892857 0.066964 0.866071 0.035714 0.848214 0.066964 0.843750 0.053571 0.808036 0.035714 0.808036 0.040179 0.758929
1 0.004464 0.696429 0.000000 0.727679 0.022321 0.723214 0.026786 0.696429
1 0.294643 0.691964 0.316964 0.741071 0.343750 0.750000 0.343750 0.732143 0.325893 0.709821
1 0.758929 0.674107 0.772321 0.691964 0.852679 0.727679 0.928571 0.781250 0.995536 0.812500 0.995536 0.781250 0.973214 0.772321 0.968750 0.758929 0.906250 0.741071
1 0.263393 0.651786 0.267857 0.669643 0.290179 0.678571
1 0.187500 0.589286 0.227679 0.633929 0.245536 0.638393 0.245536 0.625000
1 0.022321 0.544643 0.000000 0.544643 0.000000 0.575893 0.008929 0.562500 0.022321 0.562500
1 0.964286 0.482143 0.959821 0.513393 0.933036 0.513393 0.919643 0.526786 0.928571 0.544643 0.910714 0.549107 0.910714 0.558036 0.995536 0.575893 0.995536 0.504464 0.982143 0.517857 0.986607 0.540179 0.968750 0.544643 0.973214 0.482143
2 0.419643 0.625000 0.383929 0.651786 0.375000 0.700893 0.406250 0.745536 0.437500 0.750000 0.473214 0.723214 0.482143 0.674107 0.459821 0.633929
