0 0.000000 0.540179 0.000000 0.995536 0.995536 0.995536 0.995536 0.790179 0.964286 0.790179 0.950893 0.843750 0.861607 0.843750 0.852679 0.834821 0.861607 0.674107 0.816964 0.660714 0.821429 0.566964 0.879464 0.562500 0.883929 0.522321 0.995536 0.522321 0.995536 0.500000 0.133929 0.500000 0.129464 0.535714
1 0.125000 0.982143 0.125000 0.995536 0.151786 0.995536 0.142857 0.973214
1 0.000000 0.901786 0.000000 0.986607 0.026786 0.968750 0.066964 0.977679 0.058036 0.964286 0.066964 0.959821 0.066964 0.933036 0.026786 0.937500 0.008929 0.924107 0.017857 0.910714
1 0.187500 0.888393 0.200893 0.991071 0.258929 0.995536 0.232143 0.888393
1 0.066964 0.906250 0.062500 0.883929 0.049107 0.897321 0.017857 0.888393 0.031250 0.915179
1 0.995536 0.772321 0.959821 0.776786 0.959821 0.830357 0.933036 0.875000 0.946429 0.968750 0.928571 0.973214 0.915179 0.941964 0.901786 0.937500 0.901786 0.995536 0.924107 0.986607 0.928571 0.995536 0.964286 0.995536 0.977679 0.982143 0.995536 0.982143 0.995536 0.941964 0.982143 0.928571 0.991071 0.910714 0.986607 0.843750 0.995536 0.821429 0.986607 0.816964 0.995536 0.812500
1 0.696429 0.714286 0.696429 0.723214 0.767857 0.763393 0.870536 0.799107 0.870536 0.785714 0.799107 0.750000
1 0.620536 0.683036 0.620536 0.691964 0.683036 0.714286 0.683036 0.705357
1 0.000000 0.522321 0.000000 0.620536 0.008929 0.625000 0.000000 0.629464 0.000000 0.790179 0.017857 0.803571 0.017857 0.825893 0.000000 0.830357 0.000000 0.852679 0.026786 0.852679 0.035714 0.834821 0.066964 0.834821 0.075893 0.861607 0.093750 0.852679 0.102679 0.790179 0.084821 0.776786 0.111607 0.772321 0.093750 0.723214 0.116071 0.700893 0.116071 0.736607 0.156250 0.767857 0.160714 0.799107 0.142857 0.821429 0.160714 0.812500 0.174107 0.861607 0.187500 0.875000 0.209821 0.875000 0.218750 0.866071 0.196429 0.776786 0.174107 0.758929 0.174107 0.718750 0.160714 0.714286 0.165179 0.700893 0.120536 0.660714 0.120536 0.647321 0.102679 0.638393 0.102679 0.625000 0.084821 0.616071 0.120536 0.602679 0.125000 0.620536 0.138393 0.620536 0.142857 0.611607 0.165179 0.611607 0.165179 0.598214 0.125000 0.598214 0.111607 0.571429 0.075893 0.562500 0.116071 0.558036 0.116071 0.544643 0.013393 0.540179 0.013393 0.522321
1 0.901786 0.508929 0.906250 0.522321 0.928571 0.522321 0.941964 0.540179 0.995536 0.540179 0.995536 0.482143 0.924107 0.482143 0.924107 0.500000
