0 0.075893 0.500000 0.075893 0.517857 0.062500 0.531250 0.062500 0.575893 0.071429 0.598214 0.071429 0.687500 0.098214 0.714286 0.098214 0.812500 0.080357 0.834821 0.049107 0.834821 0.049107 0.919643 0.000000 0.924107 0.000000 0.941964 0.049107 0.946429 0.049107 0.995536 0.995536 0.995536 0.995536 0.781250 0.950893 0.781250 0.803571 0.696429 0.808036 0.602679 0.995536 0.611607 0.995536 0.531250 0.803571 0.517857 0.785714 0.500000
1 0.000000 0.906250 0.000000 0.933036 0.017857 0.937500 0.000000 0.959821 0.058036 0.968750 0.040179 0.950893 0.058036 0.924107
1 0.401786 0.875000 0.388393 0.901786 0.419643 0.995536 0.468750 0.995536 0.424107 0.875000
1 0.049107 0.816964 0.031250 0.821429 0.031250 0.839286 0.044643 0.843750 0.031250 0.852679 0.031250 0.906250 0.044643 0.906250 0.040179 0.892857 0.066964 0.875000 0.066964 0.866071 0.040179 0.861607 0.053571 0.848214
1 0.343750 0.763393 0.339286 0.781250 0.375000 0.852679 0.406250 0.852679 0.406250 0.834821 0.370536 0.772321
1 0.294643 0.696429 0.321429 0.750000 0.339286 0.750000 0.343750 0.732143 0.308036 0.696429
1 0.732143 0.665179 0.732143 0.674107 0.906250 0.772321 0.915179 0.790179 0.928571 0.785714 0.955357 0.799107 0.950893 0.812500 0.919643 0.816964 0.919643 0.834821 0.941964 0.839286 0.937500 0.852679 0.901786 0.857143 0.901786 0.866071 0.928571 0.879464 0.892857 0.883929 0.892857 0.897321 0.928571 0.901786 0.933036 0.937500 0.910714 0.924107 0.910714 0.910714 0.897321 0.910714 0.897321 0.924107 0.910714 0.924107 0.924107 0.941964 0.919643 0.977679 0.928571 0.982143 0.901786 0.986607 0.897321 0.973214 0.883929 0.973214 0.875000 0.995536 0.933036 0.995536 0.937500 0.986607 0.950893 0.995536 0.950893 0.977679 0.995536 0.995536 0.995536 0.790179 0.977679 0.781250 0.995536 0.763393 0.933036 0.763393 0.857143 0.718750
1 0.254464 0.660714 0.285714 0.691964 0.281250 0.669643
1 0.910714 0.602679 0.910714 0.611607 0.995536 0.620536 0.995536 0.598214 0.933036 0.589286 0.924107 0.602679
1 0.973214 0.513393 0.986607 0.540179 0.977679 0.544643 0.955357 0.531250 0.946429 0.540179 0.959821 0.549107 0.959821 0.566964 0.991071 0.584821 0.991071 0.575893 0.968750 0.566964 0.991071 0.558036 0.982143 0.544643 0.995536 0.540179 0.995536 0.513393
