0 0.000000 0.535714 0.000000 0.995536 0.995536 0.995536 0.995536 0.500000 0.419643 0.500000 0.415179 0.513393 0.325893 0.513393 0.321429 0.500000 0.254464 0.500000 0.254464 0.544643 0.205357 0.549107 0.205357 0.575893 0.214286 0.580357 0.214286 0.763393 0.196429 0.825893 0.102679 0.821429 0.084821 0.767857 0.075893 0.683036 0.084821 0.540179
1 0.928571 0.982143 0.941964 0.995536 0.977679 0.995536 0.968750 0.973214
1 0.026786 0.977679 0.026786 0.995536 0.049107 0.995536 0.049107 0.973214
1 0.870536 0.941964 0.861607 0.946429 0.870536 0.995536 0.888393 0.995536 0.879464 0.982143 0.888393 0.955357
1 0.178571 0.915179 0.187500 0.995536 0.250000 0.995536 0.209821 0.915179 0.196429 0.924107
1 0.000000 0.915179 0.000000 0.959821 0.022321 0.968750 0.017857 0.919643
1 0.165179 0.870536 0.160714 0.901786 0.178571 0.906250 0.187500 0.875000
1 0.000000 0.790179 0.000000 0.906250 0.017857 0.906250 0.022321 0.875000 0.004464 0.857143 0.031250 0.816964 0.008929 0.808036
1 0.691964 0.718750 0.691964 0.727679 0.870536 0.808036 0.879464 0.830357 0.915179 0.848214 0.892857 0.861607 0.892857 0.879464 0.879464 0.892857 0.866071 0.892857 0.883929 0.924107 0.933036 0.924107 0.964286 0.910714 0.973214 0.888393 0.986607 0.924107 0.973214 0.933036 0.946429 0.928571 0.946429 0.941964 0.964286 0.950893 0.995536 0.941964 0.991071 0.808036 0.968750 0.803571 0.982143 0.790179 0.977679 0.776786 0.995536 0.772321 0.995536 0.745536 0.986607 0.741071 0.995536 0.736607 0.991071 0.638393 0.955357 0.633929 0.955357 0.656250 0.982143 0.665179 0.968750 0.687500 0.946429 0.665179 0.928571 0.669643 0.928571 0.700893 0.937500 0.705357 0.924107 0.718750 0.830357 0.705357 0.750000 0.678571 0.750000 0.687500 0.803571 0.709821 0.857143 0.718750 0.959821 0.758929 0.973214 0.781250 0.968750 0.794643 0.910714 0.799107 0.750000 0.732143
1 0.000000 0.566964 0.000000 0.584821 0.017857 0.589286 0.000000 0.611607 0.000000 0.709821 0.022321 0.709821 0.022321 0.687500 0.008929 0.678571 0.017857 0.656250 0.004464 0.638393 0.035714 0.593750 0.071429 0.629464 0.089286 0.709821 0.098214 0.709821 0.098214 0.674107 0.071429 0.584821 0.026786 0.562500
1 0.955357 0.482143 0.946429 0.508929 0.973214 0.522321 0.964286 0.535714 0.964286 0.558036 0.973214 0.562500 0.928571 0.571429 0.928571 0.584821 0.959821 0.593750 0.964286 0.620536 0.995536 0.625000 0.995536 0.508929 0.986607 0.504464 0.995536 0.482143
