0 0.000000 0.526786 0.000000 0.995536 0.995536 0.995536 0.995536 0.781250 0.933036 0.776786 0.866071 0.732143 0.696429 0.647321 0.700893 0.553571 0.790179 0.553571 0.995536 0.575893 0.995536 0.500000 0.446429 0.500000 0.441964 0.540179 0.330357 0.540179 0.263393 0.526786
1 0.035714 0.968750 0.013393 0.973214 0.004464 0.991071 0.031250 0.995536 0.022321 0.982143
1 0.946429 0.959821 0.950893 0.986607 0.977679 0.995536 0.955357 0.959821
1 0.941964 0.892857 0.946429 0.924107 0.968750 0.919643 0.968750 0.901786
1 0.375000 0.857143 0.415179 0.995536 0.459821 0.995536 0.406250 0.861607
1 0.049107 0.834821 0.053571 0.875000 0.044643 0.888393 0.062500 0.897321 0.075893 0.870536 0.062500 0.866071 0.066964 0.848214
1 0.000000 0.767857 0.000000 0.848214 0.035714 0.852679 0.017857 0.821429 0.031250 0.816964 0.040179 0.785714
1 0.321429 0.741071 0.321429 0.763393 0.357143 0.839286 0.383929 0.839286 0.388393 0.825893 0.334821 0.741071
1 0.004464 0.705357 0.000000 0.745536 0.022321 0.736607 0.026786 0.754464 0.040179 0.758929 0.031250 0.705357
1 0.709821 0.656250 0.709821 0.665179 0.834821 0.723214 0.941964 0.785714 0.982143 0.821429 0.995536 0.821429 0.991071 0.776786 0.959821 0.772321 0.933036 0.750000
1 0.205357 0.607143 0.272321 0.674107 0.299107 0.723214 0.316964 0.727679 0.312500 0.705357 0.272321 0.669643 0.267857 0.651786
1 0.013393 0.575893 0.000000 0.575893 0.000000 0.656250 0.013393 0.651786 0.004464 0.638393
1 0.000000 0.526786 0.008929 0.540179 0.000000 0.562500 0.071429 0.558036 0.071429 0.549107 0.017857 0.540179 0.035714 0.535714 0.035714 0.526786
1 0.044643 0.522321 0.044643 0.531250 0.084821 0.531250 0.084821 0.522321
1 0.915179 0.486607 0.915179 0.504464 0.941964 0.517857 0.928571 0.535714 0.928571 0.571429 0.995536 0.589286 0.995536 0.482143 0.968750 0.491071 0.982143 0.504464 0.973214 0.531250 0.968750 0.513393 0.950893 0.526786 0.950893 0.482143 0.933036 0.500000
2 0.125000 0.656250 0.098214 0.687500 0.098214 0.714286 0.116071 0.741071 0.142857 0.745536 0.169643 0.714286 0.169643 0.687500 0.151786 0.660714
