0 0.000000 0.535714 0.000000 0.669643 0.053571 0.669643 0.071429 0.691964 0.071429 0.830357 0.044643 0.861607 0.000000 0.861607 0.000000 0.995536 0.995536 0.995536 0.995536 0.790179 0.950893 0.790179 0.799107 0.705357 0.616071 0.625000 0.620536 0.531250 0.754464 0.531250 0.995536 0.553571 0.995536 0.500000 0.464286 0.500000 0.459821 0.558036 0.366071 0.558036 0.214286 0.531250
1 0.000000 0.857143 0.000000 0.870536 0.017857 0.883929 0.017857 0.897321 0.000000 0.901786 0.000000 0.924107 0.013393 0.924107 0.017857 0.937500 0.040179 0.937500 0.017857 0.950893 0.000000 0.937500 0.000000 0.968750 0.049107 0.982143 0.066964 0.964286 0.040179 0.924107 0.049107 0.915179 0.049107 0.879464 0.017857 0.875000 0.031250 0.870536 0.026786 0.852679
1 0.325893 0.830357 0.357143 0.973214 0.397321 0.973214 0.401786 0.955357 0.361607 0.848214 0.348214 0.830357
1 0.281250 0.732143 0.312500 0.812500 0.334821 0.812500 0.334821 0.790179 0.303571 0.736607
1 0.241071 0.674107 0.258929 0.709821 0.281250 0.718750 0.263393 0.683036
1 0.696429 0.660714 0.700893 0.674107 0.834821 0.736607 0.995536 0.839286 0.995536 0.794643 0.982143 0.790179 0.995536 0.772321 0.982143 0.785714 0.964286 0.785714 0.848214 0.723214
1 0.169643 0.616071 0.200893 0.651786 0.236607 0.665179 0.187500 0.616071
1 0.026786 0.558036 0.026786 0.571429 0.089286 0.580357 0.102679 0.593750 0.156250 0.607143 0.156250 0.598214 0.120536 0.580357
1 0.906250 0.500000 0.901786 0.517857 0.919643 0.522321 0.924107 0.508929
1 0.924107 0.486607 0.941964 0.549107 0.995536 0.553571 0.995536 0.482143 0.959821 0.482143 0.973214 0.517857 0.959821 0.535714 0.950893 0.500000 0.937500 0.495536 0.946429 0.482143
