0 0.995536 0.500000 0.522321 0.500000 0.517857 0.508929 0.482143 0.513393 0.477679 0.549107 0.388393 0.549107 0.290179 0.531250 0.000000 0.531250 0.000000 0.995536 0.995536 0.995536 0.995536 0.888393 0.950893 0.888393 0.924107 0.852679 0.857143 0.812500 0.812500 0.799107 0.767857 0.750000 0.754464 0.750000 0.656250 0.678571 0.656250 0.589286 0.687500 0.553571 0.781250 0.553571 0.941964 0.598214 0.995536 0.598214
1 0.022321 0.910714 0.000000 0.910714 0.000000 0.964286 0.017857 0.955357 0.008929 0.928571 0.022321 0.924107
1 0.000000 0.790179 0.008929 0.803571 0.000000 0.888393 0.035714 0.897321 0.049107 0.883929 0.044643 0.848214 0.013393 0.839286 0.044643 0.830357 0.044643 0.821429 0.017857 0.816964 0.035714 0.794643 0.013393 0.790179 0.008929 0.799107
1 0.000000 0.678571 0.000000 0.691964 0.017857 0.696429 0.008929 0.709821 0.017857 0.754464 0.000000 0.781250 0.017857 0.781250 0.017857 0.758929 0.031250 0.754464 0.031250 0.741071 0.017857 0.732143 0.044643 0.723214 0.044643 0.714286 0.017857 0.691964 0.017857 0.678571
1 0.000000 0.629464 0.004464 0.669643 0.013393 0.665179 0.013393 0.642857
1 0.544643 0.620536 0.544643 0.629464 0.906250 0.875000 0.941964 0.910714 0.973214 0.919643 0.982143 0.941964 0.995536 0.946429 0.995536 0.870536 0.946429 0.861607 0.924107 0.834821 0.892857 0.830357
1 0.191964 0.589286 0.183036 0.598214 0.205357 0.647321 0.196429 0.656250 0.187500 0.745536 0.174107 0.758929 0.169643 0.834821 0.156250 0.857143 0.138393 0.968750 0.151786 0.982143 0.183036 0.977679 0.196429 0.959821 0.200893 0.839286 0.191964 0.834821 0.209821 0.794643 0.205357 0.745536 0.218750 0.709821 0.223214 0.625000
1 0.111607 0.571429 0.111607 0.580357 0.174107 0.593750 0.165179 0.575893
1 0.000000 0.535714 0.000000 0.571429 0.013393 0.580357 0.031250 0.580357 0.044643 0.566964 0.098214 0.575893 0.093750 0.544643 0.075893 0.544643 0.066964 0.558036 0.040179 0.549107 0.066964 0.540179 0.066964 0.531250 0.022321 0.535714 0.026786 0.549107 0.017857 0.558036 0.008929 0.549107 0.013393 0.535714
1 0.964286 0.482143 0.964286 0.513393 0.937500 0.522321 0.933036 0.535714 0.892857 0.535714 0.883929 0.544643 0.883929 0.558036 0.897321 0.562500 0.883929 0.580357 0.995536 0.616071 0.995536 0.531250 0.986607 0.526786 0.995536 0.482143
