0 0.000000 0.549107 0.000000 0.580357 0.049107 0.580357 0.058036 0.593750 0.058036 0.700893 0.000000 0.705357 0.000000 0.995536 0.995536 0.995536 0.995536 0.897321 0.950893 0.897321 0.946429 0.875000 0.843750 0.812500 0.660714 0.674107 0.665179 0.580357 0.745536 0.580357 0.750000 0.566964 0.848214 0.566964 0.941964 0.598214 0.995536 0.598214 0.995536 0.500000 0.495536 0.500000 0.486607 0.553571 0.397321 0.553571 0.254464 0.531250 0.058036 0.535714 0.049107 0.549107
1 0.000000 0.986607 0.000000 0.995536 0.035714 0.995536 0.026786 0.982143
1 0.138393 0.968750 0.138393 0.995536 0.191964 0.995536 0.196429 0.964286 0.147321 0.959821
1 0.026786 0.790179 0.000000 0.790179 0.000000 0.834821 0.013393 0.825893 0.017857 0.799107 0.026786 0.803571 0.026786 0.830357 0.040179 0.834821 0.026786 0.839286 0.022321 0.857143 0.000000 0.857143 0.000000 0.937500 0.008929 0.941964 0.000000 0.946429 0.000000 0.973214 0.035714 0.968750 0.035714 0.950893 0.022321 0.946429 0.035714 0.941964 0.035714 0.928571 0.008929 0.901786 0.031250 0.897321 0.035714 0.870536 0.053571 0.879464 0.044643 0.861607 0.044643 0.803571 0.031250 0.803571
1 0.000000 0.687500 0.000000 0.723214 0.008929 0.727679 0.000000 0.745536 0.031250 0.754464 0.022321 0.741071 0.026786 0.709821 0.013393 0.714286
1 0.571429 0.625000 0.575893 0.638393 0.776786 0.781250 0.933036 0.910714 0.946429 0.910714 0.955357 0.928571 0.995536 0.946429 0.995536 0.879464 0.968750 0.879464 0.964286 0.857143 0.933036 0.857143 0.928571 0.843750 0.879464 0.825893
1 0.187500 0.589286 0.174107 0.589286 0.174107 0.598214 0.209821 0.620536 0.223214 0.642857 0.223214 0.678571 0.183036 0.790179 0.191964 0.812500 0.174107 0.821429 0.174107 0.848214 0.165179 0.852679 0.165179 0.883929 0.156250 0.892857 0.160714 0.941964 0.200893 0.928571 0.214286 0.843750 0.209821 0.808036 0.223214 0.794643 0.241071 0.665179 0.227679 0.616071
1 0.098214 0.571429 0.098214 0.580357 0.165179 0.593750 0.165179 0.580357
1 0.031250 0.558036 0.031250 0.571429 0.071429 0.575893 0.062500 0.558036
1 0.000000 0.540179 0.000000 0.566964 0.017857 0.571429 0.017857 0.540179
1 0.995536 0.482143 0.968750 0.486607 0.977679 0.513393 0.933036 0.522321 0.919643 0.540179 0.906250 0.535714 0.875000 0.571429 0.995536 0.616071
