0 0.995536 0.500000 0.611607 0.500000 0.607143 0.598214 0.513393 0.598214 0.370536 0.558036 0.263393 0.544643 0.000000 0.544643 0.000000 0.995536 0.995536 0.995536 0.995536 0.852679 0.950893 0.852679 0.843750 0.754464 0.656250 0.651786 0.656250 0.562500 0.705357 0.558036 0.709821 0.526786 0.830357 0.526786 0.946429 0.571429 0.995536 0.571429
1 0.236607 0.977679 0.236607 0.995536 0.294643 0.991071 0.285714 0.964286 0.250000 0.964286
1 0.000000 0.866071 0.000000 0.915179 0.008929 0.919643 0.000000 0.928571 0.000000 0.995536 0.008929 0.995536 0.013393 0.950893 0.022321 0.946429 0.017857 0.928571 0.035714 0.928571 0.044643 0.915179 0.004464 0.883929 0.017857 0.870536
1 0.000000 0.821429 0.000000 0.839286 0.026786 0.834821 0.022321 0.821429
1 0.651786 0.656250 0.651786 0.665179 0.763393 0.723214 0.875000 0.803571 0.950893 0.870536 0.946429 0.888393 0.968750 0.879464 0.977679 0.888393 0.959821 0.897321 0.964286 0.910714 0.995536 0.906250 0.995536 0.834821 0.968750 0.834821 0.892857 0.776786 0.799107 0.723214
1 0.156250 0.620536 0.223214 0.687500 0.227679 0.714286 0.241071 0.727679 0.250000 0.803571 0.263393 0.812500 0.254464 0.821429 0.250000 0.941964 0.285714 0.950893 0.294643 0.946429 0.294643 0.825893 0.276786 0.741071 0.218750 0.656250
1 0.075893 0.589286 0.084821 0.602679 0.147321 0.620536 0.138393 0.602679
1 0.000000 0.562500 0.000000 0.593750 0.066964 0.593750 0.053571 0.575893
1 0.816964 0.482143 0.816964 0.491071 0.861607 0.504464 0.901786 0.553571 0.995536 0.589286 0.995536 0.508929 0.986607 0.504464 0.995536 0.482143
2 0.223214 0.674107 0.205357 0.683036 0.191964 0.736607 0.209821 0.767857 0.236607 0.772321 0.263393 0.736607 0.263393 0.709821 0.250000 0.683036
